loss,learning_rate,epoch,step,eval_loss,eval_accuracy,eval_precision,eval_recall,eval_f1,eval_runtime,eval_samples_per_second,eval_steps_per_second,train_runtime,train_samples_per_second,train_steps_per_second,total_flos,train_loss
0.6362,9.892703862660945e-06,1.07,500,,,,,,,,,,,,,
,,1.07,500,0.6303350925445557,0.6443236714975845,0.6773596545342381,0.6263548203080433,0.6508595139300534,8.0856,409.618,51.202,,,,,
0.5766,9.785622317596567e-06,2.15,1000,,,,,,,,,,,,,
,,2.15,1000,0.6250014901161194,0.6591183574879227,0.7020725388601037,0.6183685111237878,0.6575674855929633,5.3416,620.043,77.505,,,,,
0.5113,9.678326180257511e-06,3.22,1500,,,,,,,,,,,,,
,,3.22,1500,0.6428920030593872,0.6778381642512077,0.7317567567567568,0.6177980604677695,0.6699659758738015,5.3488,619.21,77.401,,,,,
0.4376,9.571030042918455e-06,4.29,2000,,,,,,,,,,,,,
,,4.29,2000,0.6840013861656189,0.6790458937198067,0.7412587412587412,0.6046776953793497,0.6660383286207979,5.3264,621.804,77.725,,,,,
0.3623,9.4637339055794e-06,5.36,2500,,,,,,,,,,,,,
,,5.36,2500,0.7932192087173462,0.6609299516908212,0.7802491103202847,0.5002852253280091,0.6096628432394855,5.3517,618.864,77.358,,,,,
0.2856,9.356437768240344e-06,6.44,3000,,,,,,,,,,,,,
,,6.44,3000,0.8053216338157654,0.6817632850241546,0.7392197125256673,0.6160867084997148,0.6720597386434349,5.3343,620.89,77.611,,,,,
0.231,9.249570815450644e-06,7.51,3500,,,,,,,,,,,,,
,,7.51,3500,0.8627833724021912,0.6977657004830918,0.7230130486358244,0.6953793496862521,0.7089270136667636,5.3546,618.538,77.317,,,,,
0.1754,9.142274678111588e-06,8.58,4000,,,,,,,,,,,,,
,,8.58,4000,0.9444612264633179,0.7089371980676329,0.7546804389928986,0.6668568168853394,0.7080557238037553,5.3377,620.487,77.561,,,,,
0.14,9.034978540772533e-06,9.66,4500,,,,,,,,,,,,,
,,9.66,4500,1.0591893196105957,0.6950483091787439,0.7488278633623576,0.6377638334284085,0.6888478126925447,5.336,620.687,77.586,,,,,
0.1158,8.927682403433478e-06,10.73,5000,,,,,,,,,,,,,
,,10.73,5000,1.09605872631073,0.6947463768115942,0.7609001406469761,0.6172276098117513,0.6815748031496064,5.3574,618.21,77.276,,,,,
0.0919,8.820386266094422e-06,11.8,5500,,,,,,,,,,,,,
,,11.8,5500,1.244404673576355,0.707427536231884,0.7446941323345818,0.6805476326297776,0.7111773472429211,5.3022,624.642,78.08,,,,,
0.0771,8.713090128755366e-06,12.88,6000,,,,,,,,,,,,,
,,12.88,6000,1.3199018239974976,0.7083333333333334,0.7406727828746177,0.6908157444381061,0.7148760330578512,5.2941,625.608,78.201,,,,,
0.0694,8.606008583690987e-06,13.95,6500,,,,,,,,,,,,,
,,13.95,6500,1.3218684196472168,0.7107487922705314,0.7658862876254181,0.6531660011409013,0.7050492610837438,5.3086,623.897,77.987,,,,,
0.0586,8.498712446351933e-06,15.02,7000,,,,,,,,,,,,,
,,15.02,7000,1.3921606540679932,0.7270531400966184,0.739424703891709,0.7478608100399315,0.7436188315371527,5.3004,624.856,78.107,,,,,
0.0515,8.391630901287554e-06,16.09,7500,,,,,,,,,,,,,
,,16.09,7500,1.5530914068222046,0.716183574879227,0.7634478289047311,0.6719908727895038,0.7148058252427186,5.5197,600.027,75.003,,,,,
0.0464,8.284334763948498e-06,17.17,8000,,,,,,,,,,,,,
,,17.17,8000,1.5702780485153198,0.7297705314009661,0.7523529411764706,0.7296063890473474,0.7408050970170866,5.5376,598.088,74.761,,,,,
0.0396,8.177038626609442e-06,18.24,8500,,,,,,,,,,,,,
,,18.24,8500,1.6925544738769531,0.7198067632850241,0.7762893503014066,0.6611523103251569,0.714109673444239,5.2936,625.666,78.208,,,,,
0.035,8.069742489270388e-06,19.31,9000,,,,,,,,,,,,,
,,19.31,9000,1.9301480054855347,0.7110507246376812,0.7791023842917251,0.6337706788362807,0.6989619377162629,5.3131,623.36,77.92,,,,,
0.0358,7.962446351931332e-06,20.39,9500,,,,,,,,,,,,,
,,20.39,9500,1.8005651235580444,0.7104468599033816,0.7478152309612984,0.6833998859098688,0.7141579731743666,5.323,622.203,77.775,,,,,
0.032,7.855150214592276e-06,21.46,10000,,,,,,,,,,,,,
,,21.46,10000,1.7670624256134033,0.7264492753623188,0.7688888888888888,0.6908157444381061,0.7277644230769231,5.3047,624.355,78.044,,,,,
0.0331,7.748068669527896e-06,22.53,10500,,,,,,,,,,,,,
,,22.53,10500,1.7687089443206787,0.7288647342995169,0.7714285714285715,0.6930975470621791,0.7301682692307693,5.3001,624.891,78.111,,,,,
0.0254,7.640772532188842e-06,23.61,11000,,,,,,,,,,,,,
,,23.61,11000,1.8905298709869385,0.7195048309178744,0.773209549071618,0.6651454649172847,0.7151180619441889,5.2954,625.449,78.181,,,,,
0.0299,7.5334763948497855e-06,24.68,11500,,,,,,,,,,,,,
,,24.68,11500,1.9674569368362427,0.7303743961352657,0.7275132275132276,0.7843696520250998,0.7548723579467472,5.2763,627.716,78.464,,,,,
0.0242,7.42618025751073e-06,25.75,12000,,,,,,,,,,,,,
,,25.75,12000,1.9837446212768555,0.721316425120773,0.7470238095238095,0.7159155733029093,0.7311389455286922,5.2793,627.358,78.42,,,,,
0.0248,7.3188841201716744e-06,26.82,12500,,,,,,,,,,,,,
,,26.82,12500,2.0202486515045166,0.7210144927536232,0.7345783814374647,0.7404449515116942,0.7375,5.3064,624.158,78.02,,,,,
0.0246,7.2115879828326185e-06,27.9,13000,,,,,,,,,,,,,
,,27.9,13000,1.971258282661438,0.7273550724637681,0.7600979192166463,0.708499714774672,0.733392382639504,5.3124,623.443,77.93,,,,,
0.0206,7.1042918454935626e-06,28.97,13500,,,,,,,,,,,,,
,,28.97,13500,2.195460557937622,0.7270531400966184,0.7866306549628629,0.6645750142612664,0.7204700061842919,5.2988,625.051,78.131,,,,,
0.0186,6.997210300429185e-06,30.04,14000,,,,,,,,,,,,,
,,30.04,14000,2.0988729000091553,0.7336956521739131,0.7676705593116164,0.7124928693667998,0.7390532544378697,5.3146,623.193,77.899,,,,,
0.02,6.889914163090129e-06,31.12,14500,,,,,,,,,,,,,
,,31.12,14500,2.318328380584717,0.7134661835748792,0.8004484304932735,0.6109526525955505,0.6929796182465222,5.2773,627.59,78.449,,,,,
0.0183,6.782618025751073e-06,32.19,15000,,,,,,,,,,,,,
,,32.19,15000,2.188473701477051,0.7267512077294686,0.7659974905897114,0.6965202509982886,0.7296086047206455,5.2835,626.861,78.358,,,,,
0.0204,6.675321888412017e-06,33.26,15500,,,,,,,,,,,,,
,,33.26,15500,2.1196091175079346,0.7321859903381642,0.7669543773119606,0.7096406160867085,0.7371851851851852,5.2968,625.285,78.161,,,,,
0.0158,6.568025751072962e-06,34.33,16000,,,,,,,,,,,,,
,,34.33,16000,2.0759952068328857,0.7379227053140096,0.7798861480075902,0.7033656588705077,0.7396520695860829,5.2838,626.825,78.353,,,,,
0.0132,6.460729613733906e-06,35.41,16500,,,,,,,,,,,,,
,,35.41,16500,2.1764392852783203,0.7388285024154589,0.7621015348288076,0.7364517969195664,0.7490571511459241,5.2949,625.511,78.189,,,,,
0.0145,6.35343347639485e-06,36.48,17000,,,,,,,,,,,,,
,,36.48,17000,2.2851526737213135,0.7391304347826086,0.7692307692307693,0.7244723331431832,0.7461809635722679,5.2811,627.137,78.392,,,,,
0.0146,6.246351931330472e-06,37.55,17500,,,,,,,,,,,,,
,,37.55,17500,2.255450963973999,0.7333937198067633,0.7564858490566038,0.7318881916714204,0.743983763409684,5.286,626.557,78.32,,,,,
0.0152,6.139055793991417e-06,38.63,18000,,,,,,,,,,,,,
,,38.63,18000,2.2623753547668457,0.7237318840579711,0.769280205655527,0.6828294352538505,0.7234814143245694,5.2773,627.591,78.449,,,,,
0.0155,6.031759656652361e-06,39.7,18500,,,,,,,,,,,,,
,,39.7,18500,2.2787320613861084,0.7279589371980676,0.8025568181818182,0.6446092413006275,0.7149636191078772,5.2799,627.289,78.411,,,,,
0.0143,5.924463519313305e-06,40.77,19000,,,,,,,,,,,,,
,,40.77,19000,2.166086435317993,0.7361111111111112,0.7639639639639639,0.7256132344552196,0.7442949093036865,5.2961,625.363,78.17,,,,,
0.0124,5.817167381974249e-06,41.85,19500,,,,,,,,,,,,,
,,41.85,19500,2.184370279312134,0.7391304347826086,0.7728667894413751,0.7181973759269823,0.7445298639858072,5.272,628.228,78.528,,,,,
0.0118,5.709871244635193e-06,42.92,20000,,,,,,,,,,,,,
,,42.92,20000,2.260152816772461,0.7237318840579711,0.7461809635722679,0.7244723331431832,0.735166425470333,5.276,627.742,78.468,,,,,
0.0103,5.602575107296138e-06,43.99,20500,,,,,,,,,,,,,
,,43.99,20500,2.2277307510375977,0.7303743961352657,0.7326839826839827,0.7723901882487165,0.7520133296306583,5.2894,626.162,78.27,,,,,
0.0108,5.495278969957082e-06,45.06,21000,,,,,,,,,,,,,
,,45.06,21000,2.1695384979248047,0.741243961352657,0.7531073446327684,0.7604107244723332,0.756741413567982,5.2765,627.689,78.461,,,,,
0.0072,5.388197424892704e-06,46.14,21500,,,,,,,,,,,,,
,,46.14,21500,2.2519876956939697,0.7367149758454107,0.7800381436745073,0.6999429549343982,0.7378232110643416,5.2814,627.109,78.389,,,,,
0.0119,5.280901287553648e-06,47.21,22000,,,,,,,,,,,,,
,,47.21,22000,2.1301932334899902,0.7397342995169082,0.7748303516347933,0.7164860239589276,0.7445168938944872,5.2942,625.59,78.199,,,,,
0.008,5.1736051502145926e-06,48.28,22500,,,,,,,,,,,,,
,,48.28,22500,2.2515242099761963,0.731280193236715,0.756998213222156,0.7250427837992014,0.7406759906759907,5.3013,624.747,78.093,,,,,
0.0111,5.066309012875537e-06,49.36,23000,,,,,,,,,,,,,
,,49.36,23000,2.194934844970703,0.7409420289855072,0.7668455575432319,0.7335995436394752,0.7498542274052478,5.3058,624.228,78.028,,,,,
0.0062,4.959227467811159e-06,50.43,23500,,,,,,,,,,,,,
,,50.43,23500,2.3111510276794434,0.7421497584541062,0.7776405188387894,0.7181973759269823,0.746737841043891,5.2988,625.053,78.132,,,,,
0.0087,4.851931330472103e-06,51.5,24000,,,,,,,,,,,,,
,,51.5,24000,2.246894359588623,0.7469806763285024,0.7747747747747747,0.7358813462635482,0.7548273844353423,5.3011,624.778,78.097,,,,,
0.0056,4.744635193133047e-06,52.58,24500,,,,,,,,,,,,,
,,52.58,24500,2.3972764015197754,0.7315821256038647,0.8020979020979021,0.6543069024529378,0.7207037386113729,5.3057,624.231,78.029,,,,,
0.0082,4.637339055793992e-06,53.65,25000,,,,,,,,,,,,,
,,53.65,25000,2.309030055999756,0.741243961352657,0.7842639593908629,0.7050770108385624,0.742565334935416,5.3065,624.137,78.017,,,,,
0.0102,4.530042918454936e-06,54.72,25500,,,,,,,,,,,,,
,,54.72,25500,2.1966843605041504,0.7430555555555556,0.7459105779716467,0.780376497432972,0.7627543908558684,5.2802,627.244,78.406,,,,,
0.0052,4.422961373390559e-06,55.79,26000,,,,,,,,,,,,,
,,55.79,26000,2.385695219039917,0.7309782608695652,0.758703481392557,0.7210496292070736,0.739397484644633,5.3035,624.492,78.062,,,,,
0.0073,4.315665236051502e-06,56.87,26500,,,,,,,,,,,,,
,,56.87,26500,2.3415474891662598,0.7342995169082126,0.7789137380191693,0.6953793496862521,0.7347799879445449,5.2908,625.996,78.249,,,,,
0.0045,4.208583690987124e-06,57.94,27000,,,,,,,,,,,,,
,,57.94,27000,2.446648120880127,0.732487922705314,0.7805825242718447,0.6879634911580148,0.7313523347483323,5.2876,626.376,78.297,,,,,
0.0075,4.101287553648069e-06,59.01,27500,,,,,,,,,,,,,
,,59.01,27500,2.3654847145080566,0.7349033816425121,0.7492877492877493,0.7501426126640046,0.7497149372862031,5.2894,626.16,78.27,,,,,
0.0053,3.993991416309013e-06,60.09,28000,,,,,,,,,,,,,
,,60.09,28000,2.3940365314483643,0.7409420289855072,0.7687687687687688,0.7301768397033657,0.7489760093622001,5.2909,625.985,78.248,,,,,
0.006,3.886695278969957e-06,61.16,28500,,,,,,,,,,,,,
,,61.16,28500,2.386209487915039,0.7318840579710145,0.7527761542957335,0.7347404449515117,0.74364896073903,5.2893,626.17,78.271,,,,,
0.0078,3.779399141630902e-06,62.23,29000,,,,,,,,,,,,,
,,62.23,29000,2.3029944896698,0.7379227053140096,0.7971793149764943,0.677124928693668,0.7322640345465762,5.2764,627.707,78.463,,,,,
0.0055,3.672103004291846e-06,63.3,29500,,,,,,,,,,,,,
,,63.3,29500,2.388547897338867,0.7318840579710145,0.7777777777777778,0.6908157444381061,0.7317220543806647,5.2934,625.686,78.211,,,,,
0.0057,3.5648068669527904e-06,64.38,30000,,,,,,,,,,,,,
,,64.38,30000,2.4052963256835938,0.7349033816425121,0.7542126670540383,0.7404449515116942,0.747265400115141,5.2907,626.003,78.25,,,,,
0.0064,3.4575107296137344e-06,65.45,30500,,,,,,,,,,,,,
,,65.45,30500,2.3514394760131836,0.7433574879227053,0.763265306122449,0.7467199087278951,0.7549019607843137,5.2808,627.177,78.397,,,,,
0.0038,3.3504291845493565e-06,66.52,31000,,,,,,,,,,,,,
,,66.52,31000,2.398237943649292,0.7409420289855072,0.773032336790726,0.7227609811751283,0.7470518867924527,5.2786,627.441,78.43,,,,,
0.0035,3.2431330472103005e-06,67.6,31500,,,,,,,,,,,,,
,,67.6,31500,2.423980951309204,0.7418478260869565,0.7795765877957659,0.7142042213348545,0.7454599583209288,5.5156,600.481,75.06,,,,,
0.0048,3.135836909871245e-06,68.67,32000,,,,,,,,,,,,,
,,68.67,32000,2.3949320316314697,0.7448671497584541,0.768957345971564,0.7404449515116942,0.7544318512060447,5.5459,597.199,74.65,,,,,
0.0026,3.028540772532189e-06,69.74,32500,,,,,,,,,,,,,
,,69.74,32500,2.4479730129241943,0.7436594202898551,0.7790123456790123,0.7199087278950371,0.7482952860954639,5.2807,627.184,78.398,,,,,
0.0034,2.9214592274678115e-06,70.82,33000,,,,,,,,,,,,,
,,70.82,33000,2.4484591484069824,0.7388285024154589,0.7744128553770087,0.7147746719908727,0.7433995846929694,5.2845,626.74,78.343,,,,,
0.0032,2.814163090128755e-06,71.89,33500,,,,,,,,,,,,,
,,71.89,33500,2.50995135307312,0.7403381642512077,0.773758430410791,0.7199087278950371,0.7458628841607565,5.2781,627.493,78.437,,,,,
0.0043,2.7068669527896997e-06,72.96,34000,,,,,,,,,,,,,
,,72.96,34000,2.4700965881347656,0.7397342995169082,0.7600700525394045,0.7427267541357673,0.7512983266012695,5.2836,626.846,78.356,,,,,
0.003,2.5995708154506437e-06,74.03,34500,,,,,,,,,,,,,
,,74.03,34500,2.470026969909668,0.7409420289855072,0.7526821005081875,0.7604107244723332,0.7565266742338252,5.2853,626.648,78.331,,,,,
0.0035,2.4922746781115882e-06,75.11,35000,,,,,,,,,,,,,
,,75.11,35000,2.3797805309295654,0.7430555555555556,0.7847222222222222,0.7090701654306902,0.744980521426431,5.2889,626.222,78.278,,,,,
0.0031,2.3849785407725323e-06,76.18,35500,,,,,,,,,,,,,
,,76.18,35500,2.460881233215332,0.7373188405797102,0.7620178041543026,0.7324586423274386,0.7469458987783595,5.2894,626.153,78.269,,,,,
0.0036,2.2776824034334768e-06,77.25,36000,,,,,,,,,,,,,
,,77.25,36000,2.5053212642669678,0.7436594202898551,0.7997347480106101,0.6879634911580148,0.7396504139834407,5.2735,628.043,78.505,,,,,
0.003,2.170386266094421e-06,78.33,36500,,,,,,,,,,,,,
,,78.33,36500,2.5883281230926514,0.7330917874396136,0.7875579086697552,0.6788362806617227,0.7291666666666667,5.2948,625.515,78.189,,,,,
0.0021,2.063090128755365e-06,79.4,37000,,,,,,,,,,,,,
,,79.4,37000,2.4818050861358643,0.7439613526570048,0.7784615384615384,0.7216200798630918,0.7489638839550029,5.2898,626.108,78.264,,,,,
0.0014,1.955793991416309e-06,80.47,37500,,,,,,,,,,,,,
,,80.47,37500,2.5135223865509033,0.7403381642512077,0.7714285714285715,0.7239018824871648,0.7469099470276633,5.2845,626.733,78.342,,,,,
0.0019,1.8487124463519316e-06,81.55,38000,,,,,,,,,,,,,
,,81.55,38000,2.525491952896118,0.7436594202898551,0.7696897374701671,0.7358813462635482,0.7524059492563429,5.3016,624.715,78.089,,,,,
0.0036,1.7416309012875537e-06,82.62,38500,,,,,,,,,,,,,
,,82.62,38500,2.516629219055176,0.7409420289855072,0.7538287010777085,0.7581289218482601,0.7559726962457337,5.2847,626.72,78.34,,,,,
0.0028,1.634334763948498e-06,83.69,39000,,,,,,,,,,,,,
,,83.69,39000,2.4653971195220947,0.7421497584541062,0.7593768032313907,0.7507130633200229,0.7550200803212851,5.3217,622.361,77.795,,,,,
0.0023,1.5270386266094422e-06,84.76,39500,,,,,,,,,,,,,
,,84.76,39500,2.489387035369873,0.7364130434782609,0.7767295597484277,0.7045065601825442,0.7388573137900091,5.3109,623.625,77.953,,,,,
0.0028,1.4197424892703865e-06,85.84,40000,,,,,,,,,,,,,
,,85.84,40000,2.5247082710266113,0.7382246376811594,0.7861757105943152,0.6942384483742157,0.7373523174795518,5.3175,622.851,77.856,,,,,
0.001,1.3124463519313305e-06,86.91,40500,,,,,,,,,,,,,
,,86.91,40500,2.5290915966033936,0.740036231884058,0.7648456057007126,0.7347404449515117,0.7494908350305499,5.3014,624.745,78.093,,,,,
0.0005,1.2051502145922748e-06,87.98,41000,,,,,,,,,,,,,
,,87.98,41000,2.5322089195251465,0.7442632850241546,0.7782555282555282,0.7227609811751283,0.7494824016563146,5.3016,624.711,78.089,,,,,
0.0018,1.098068669527897e-06,89.06,41500,,,,,,,,,,,,,
,,89.06,41500,2.509983539581299,0.7424516908212561,0.7717391304347826,0.7290359383913292,0.7497799941331768,5.2975,625.201,78.15,,,,,
0.0026,9.907725321888413e-07,90.13,42000,,,,,,,,,,,,,
,,90.13,42000,2.5039706230163574,0.7442632850241546,0.7772337821297429,0.7244723331431832,0.7499261883672866,5.2872,626.421,78.303,,,,,
0.0015,8.834763948497854e-07,91.2,42500,,,,,,,,,,,,,
,,91.2,42500,2.5218024253845215,0.7433574879227053,0.7754728492983527,0.7250427837992014,0.7494103773584906,5.2907,626.001,78.25,,,,,
0.0015,7.761802575107297e-07,92.27,43000,,,,,,,,,,,,,
,,92.27,43000,2.529031276702881,0.7448671497584541,0.7877059569074778,0.7090701654306902,0.7463224256979886,5.2716,628.278,78.535,,,,,
0.0018,6.688841201716739e-07,93.35,43500,,,,,,,,,,,,,
,,93.35,43500,2.5268521308898926,0.7436594202898551,0.7849936948297604,0.7102110667427267,0.7457322551662176,5.3068,624.111,78.014,,,,,
0.0014,5.615879828326181e-07,94.42,44000,,,,,,,,,,,,,
,,94.42,44000,2.472532033920288,0.7475845410628019,0.7633543940264216,0.7581289218482601,0.7607326846021751,5.2894,626.163,78.27,,,,,
0.0011,4.542918454935623e-07,95.49,44500,,,,,,,,,,,,,
,,95.49,44500,2.5157647132873535,0.7439613526570048,0.7833437695679399,0.7136337706788363,0.746865671641791,5.28,627.277,78.41,,,,,
0.0012,3.4699570815450645e-07,96.57,45000,,,,,,,,,,,,,
,,96.57,45000,2.542971611022949,0.7418478260869565,0.7838179519595448,0.7073588134626355,0.7436281859070464,5.2841,626.783,78.348,,,,,
0.0011,2.3969957081545067e-07,97.64,45500,,,,,,,,,,,,,
,,97.64,45500,2.5263442993164062,0.7424516908212561,0.7774352651048089,0.7193382772390188,0.7472592592592592,5.2792,627.366,78.421,,,,,
0.0017,1.3261802575107297e-07,98.71,46000,,,,,,,,,,,,,
,,98.71,46000,2.5139360427856445,0.7448671497584541,0.7781862745098039,0.7244723331431832,0.7503692762186116,5.2923,625.813,78.227,,,,,
0.0005,2.5321888412017168e-08,99.79,46500,,,,,,,,,,,,,
,,99.79,46500,2.5210516452789307,0.7436594202898551,0.7786683107274969,0.7204791785510554,0.7484444444444446,5.2744,627.943,78.493,,,,,
,,100.0,46600,,,,,,,,,5511.3258,540.832,8.455,2.607895630944768e+17,0.0496994010141607
