loss,learning_rate,epoch,step,eval_loss,eval_accuracy,eval_precision,eval_recall,eval_f1,eval_runtime,eval_samples_per_second,eval_steps_per_second,train_runtime,train_samples_per_second,train_steps_per_second,total_flos,train_loss
0.6553,9.892703862660945e-06,1.07,500,,,,,,,,,,,,,
,,1.07,500,0.6567913293838501,0.6129227053140096,0.6715222141296431,0.5259555048488306,0.5898912348048624,8.0623,410.801,51.35,,,,,
0.6234,9.785407725321889e-06,2.15,1000,,,,,,,,,,,,,
,,2.15,1000,0.671722412109375,0.5996376811594203,0.6925157799819658,0.4381061038220194,0.5366876310272537,5.5017,601.993,75.249,,,,,
0.6063,9.678111587982833e-06,3.22,1500,,,,,,,,,,,,,
,,3.22,1500,0.6597234010696411,0.6246980676328503,0.6961538461538461,0.5162578436965203,0.5928594824762529,5.4781,604.589,75.574,,,,,
0.5839,9.570815450643777e-06,4.29,2000,,,,,,,,,,,,,
,,4.29,2000,0.6492807865142822,0.6364734299516909,0.6695491043854231,0.6183685111237878,0.6429418742586003,5.4487,607.848,75.981,,,,,
0.5719,9.4637339055794e-06,5.36,2500,,,,,,,,,,,,,
,,5.36,2500,0.6884961128234863,0.616243961352657,0.7018425460636516,0.4780376497432972,0.5687139463861555,5.4475,607.987,75.998,,,,,
0.5529,9.356437768240344e-06,6.44,3000,,,,,,,,,,,,,
,,6.44,3000,0.6646401286125183,0.6340579710144928,0.6903589021815623,0.5596120935539076,0.6181474480151229,5.4478,607.956,75.995,,,,,
0.5351,9.249141630901288e-06,7.51,3500,,,,,,,,,,,,,
,,7.51,3500,0.681566596031189,0.6313405797101449,0.6785234899328859,0.5767256132344553,0.6234967622571693,5.4996,602.226,75.278,,,,,
0.519,9.14206008583691e-06,8.58,4000,,,,,,,,,,,,,
,,8.58,4000,0.6859474182128906,0.6361714975845411,0.6892265193370166,0.5693097547062179,0.6235551390190565,5.4578,606.833,75.854,,,,,
0.4961,9.034763948497854e-06,9.66,4500,,,,,,,,,,,,,
,,9.66,4500,0.7592556476593018,0.6186594202898551,0.7211191335740073,0.4557900741585853,0.5585459629500175,5.5024,601.915,75.239,,,,,
0.4776,8.927467811158798e-06,10.73,5000,,,,,,,,,,,,,
,,10.73,5000,0.730558454990387,0.6358695652173914,0.7105465742879138,0.5265259555048488,0.6048492791612058,5.4463,608.125,76.016,,,,,
0.4563,8.820171673819742e-06,11.8,5500,,,,,,,,,,,,,
,,11.8,5500,0.7484747171401978,0.6355676328502415,0.7013274336283186,0.54249857387336,0.6117722740431006,5.4813,604.238,75.53,,,,,
0.4361,8.713090128755366e-06,12.88,6000,,,,,,,,,,,,,
,,12.88,6000,0.7778792977333069,0.6331521739130435,0.7230514096185738,0.49743297204791787,0.5893883068604259,5.5007,602.102,75.263,,,,,
0.4144,8.60579399141631e-06,13.95,6500,,,,,,,,,,,,,
,,13.95,6500,0.8589863181114197,0.6180555555555556,0.742544731610338,0.42612664004563605,0.5415005436752447,5.5313,598.78,74.847,,,,,
0.3927,8.498497854077253e-06,15.02,7000,,,,,,,,,,,,,
,,15.02,7000,0.7835230231285095,0.6491545893719807,0.6871437618746041,0.618938961779806,0.6512605042016807,5.4922,603.035,75.379,,,,,
0.3709,8.391201716738197e-06,16.09,7500,,,,,,,,,,,,,
,,16.09,7500,0.8090301156044006,0.6467391304347826,0.6976271186440678,0.5869937250427838,0.637546468401487,5.5143,600.622,75.078,,,,,
0.3517,8.284120171673821e-06,17.17,8000,,,,,,,,,,,,,
,,17.17,8000,0.9309738278388977,0.625,0.7454370797310279,0.44266970907016545,0.5554760200429492,5.5317,598.731,74.841,,,,,
0.3301,8.176824034334765e-06,18.24,8500,,,,,,,,,,,,,
,,18.24,8500,0.8610933423042297,0.6416062801932367,0.676875,0.6177980604677695,0.6459886668654936,5.5423,597.588,74.698,,,,,
0.3158,8.06952789699571e-06,19.31,9000,,,,,,,,,,,,,
,,19.31,9000,0.868341326713562,0.6491545893719807,0.6796352583586626,0.6377638334284085,0.6580341377280753,5.4637,606.178,75.772,,,,,
0.2924,7.962231759656653e-06,20.39,9500,,,,,,,,,,,,,
,,20.39,9500,0.8982572555541992,0.6500603864734299,0.6657366071428571,0.6805476326297776,0.6730606488011284,5.4345,609.439,76.18,,,,,
0.2794,7.855150214592276e-06,21.46,10000,,,,,,,,,,,,,
,,21.46,10000,0.9626715183258057,0.6434178743961353,0.7048710601719198,0.5613234455219623,0.6249603048586854,5.415,611.631,76.454,,,,,
0.2633,7.74785407725322e-06,22.53,10500,,,,,,,,,,,,,
,,22.53,10500,1.007462978363037,0.6400966183574879,0.7206923682140047,0.522532800912721,0.6058201058201058,5.4723,605.225,75.653,,,,,
0.2452,7.640557939914164e-06,23.61,11000,,,,,,,,,,,,,
,,23.61,11000,1.0558029413223267,0.6400966183574879,0.7308641975308642,0.50656018254421,0.5983827493261457,5.4531,607.362,75.92,,,,,
0.2337,7.533261802575108e-06,24.68,11500,,,,,,,,,,,,,
,,24.68,11500,0.9733588695526123,0.654891304347826,0.7011873350923483,0.6063890473474044,0.650351789538085,5.484,603.935,75.492,,,,,
0.2131,7.42618025751073e-06,25.75,12000,,,,,,,,,,,,,
,,25.75,12000,1.0360661745071411,0.6464371980676329,0.6984993178717599,0.5841414717626925,0.6362224293258776,5.4748,604.954,75.619,,,,,
0.2024,7.3188841201716744e-06,26.82,12500,,,,,,,,,,,,,
,,26.82,12500,1.0537419319152832,0.6479468599033816,0.7022742935906272,0.5812892184826013,0.6360799001248439,5.4652,606.013,75.752,,,,,
0.1915,7.211802575107296e-06,27.9,13000,,,,,,,,,,,,,
,,27.9,13000,1.056253433227539,0.6579106280193237,0.7023498694516971,0.6138049058756417,0.6550989345509893,5.4328,609.631,76.204,,,,,
0.1785,7.10450643776824e-06,28.97,13500,,,,,,,,,,,,,
,,28.97,13500,1.1495747566223145,0.6500603864734299,0.726027397260274,0.5442099258414147,0.6221062927942614,5.4593,606.673,75.834,,,,,
0.1663,6.997210300429185e-06,30.04,14000,,,,,,,,,,,,,
,,30.04,14000,1.1187851428985596,0.6542874396135265,0.6948717948717948,0.6183685111237878,0.6543917899185029,5.4575,606.867,75.858,,,,,
0.1582,6.889914163090129e-06,31.12,14500,,,,,,,,,,,,,
,,31.12,14500,1.1340551376342773,0.6579106280193237,0.7094594594594594,0.5989731888191672,0.6495515001546551,5.477,604.709,75.589,,,,,
0.1479,6.782618025751073e-06,32.19,15000,,,,,,,,,,,,,
,,32.19,15000,1.2029772996902466,0.6633454106280193,0.7335285505124451,0.5715915573302909,0.6425136261622314,5.4737,605.071,75.634,,,,,
0.1422,6.675321888412017e-06,33.26,15500,,,,,,,,,,,,,
,,33.26,15500,1.3332781791687012,0.6407004830917874,0.7511150758251561,0.4803194523673702,0.5859429366736256,5.477,604.705,75.588,,,,,
0.1307,6.5682403433476405e-06,34.33,16000,,,,,,,,,,,,,
,,34.33,16000,1.2188953161239624,0.6627415458937198,0.7245762711864406,0.5852823730747291,0.6475228778794573,5.4548,607.172,75.897,,,,,
0.1212,6.4609442060085846e-06,35.41,16500,,,,,,,,,,,,,
,,35.41,16500,1.244321346282959,0.6621376811594203,0.7168262653898769,0.5978322875071307,0.6519440124416797,5.4194,611.136,76.392,,,,,
0.1166,6.353648068669528e-06,36.48,17000,,,,,,,,,,,,,
,,36.48,17000,1.3588037490844727,0.6491545893719807,0.7432098765432099,0.5151169423844837,0.6084905660377359,5.4252,610.488,76.311,,,,,
0.1088,6.246351931330472e-06,37.55,17500,,,,,,,,,,,,,
,,37.55,17500,1.3398504257202148,0.654891304347826,0.7272727272727273,0.5567598402738163,0.6306946688206786,5.4378,609.073,76.134,,,,,
0.1106,6.139055793991417e-06,38.63,18000,,,,,,,,,,,,,
,,38.63,18000,1.3043103218078613,0.6567028985507246,0.7238372093023255,0.5681688533941814,0.6366251198465964,5.3824,615.339,76.917,,,,,
0.0976,6.031759656652361e-06,39.7,18500,,,,,,,,,,,,,
,,39.7,18500,1.3027305603027344,0.6627415458937198,0.6950920245398773,0.6463205932686823,0.6698196866686373,5.4196,611.112,76.389,,,,,
0.0921,5.924463519313305e-06,40.77,19000,,,,,,,,,,,,,
,,40.77,19000,1.3095146417617798,0.6651570048309179,0.6946795646916566,0.6554478037649744,0.6744936894628705,5.4041,612.866,76.608,,,,,
0.0904,5.817381974248928e-06,41.85,19500,,,,,,,,,,,,,
,,41.85,19500,1.4434694051742554,0.6612318840579711,0.7459080280592362,0.5459212778094695,0.6304347826086956,5.455,607.152,75.894,,,,,
0.085,5.710085836909872e-06,42.92,20000,,,,,,,,,,,,,
,,42.92,20000,1.3548119068145752,0.6714975845410628,0.7089880578252671,0.643468339988591,0.6746411483253589,5.4089,612.329,76.541,,,,,
0.0851,5.602789699570816e-06,43.99,20500,,,,,,,,,,,,,
,,43.99,20500,1.4394991397857666,0.654891304347826,0.7286356821589205,0.5544780376497433,0.629737609329446,5.4384,609.005,76.126,,,,,
0.0764,5.4954935622317595e-06,45.06,21000,,,,,,,,,,,,,
,,45.06,21000,1.4700989723205566,0.6624396135265701,0.7243816254416962,0.5847119224187107,0.6470959595959597,5.2744,627.936,78.492,,,,,
0.0752,5.388197424892704e-06,46.14,21500,,,,,,,,,,,,,
,,46.14,21500,1.5259251594543457,0.6564009661835749,0.7296489917849142,0.5573302909298345,0.6319534282018112,5.2676,628.747,78.593,,,,,
0.069,5.280901287553648e-06,47.21,22000,,,,,,,,,,,,,
,,47.21,22000,1.5592217445373535,0.6690821256038647,0.7509549274255156,0.5607529948659441,0.6420640104506857,5.4288,610.085,76.261,,,,,
0.0672,5.1736051502145926e-06,48.28,22500,,,,,,,,,,,,,
,,48.28,22500,1.5709034204483032,0.6582125603864735,0.745067087608524,0.5385054192812322,0.6251655629139072,5.4043,612.849,76.606,,,,,
0.0612,5.066309012875537e-06,49.36,23000,,,,,,,,,,,,,
,,49.36,23000,1.6261688470840454,0.6594202898550725,0.7462568951930654,0.5402167712492869,0.6267372600926537,5.4043,612.842,76.605,,,,,
0.0647,4.959227467811159e-06,50.43,23500,,,,,,,,,,,,,
,,50.43,23500,1.5280879735946655,0.6702898550724637,0.7170059093893631,0.6229321163719338,0.6666666666666666,5.4007,613.251,76.656,,,,,
0.06,4.8521459227467815e-06,51.5,24000,,,,,,,,,,,,,
,,51.5,24000,1.6757382154464722,0.6515700483091788,0.7394084732214229,0.5276668568168853,0.6158455392809588,5.3547,618.523,77.315,,,,,
0.0576,4.744849785407726e-06,52.58,24500,,,,,,,,,,,,,
,,52.58,24500,1.5940097570419312,0.6763285024154589,0.7389473684210527,0.6006845407872219,0.6626809314033983,5.3283,621.591,77.699,,,,,
0.0553,4.63755364806867e-06,53.65,25000,,,,,,,,,,,,,
,,53.65,25000,1.5819867849349976,0.6781400966183575,0.7367332873880083,0.609811751283514,0.66729088639201,5.3531,618.708,77.339,,,,,
0.0517,4.5302575107296146e-06,54.72,25500,,,,,,,,,,,,,
,,54.72,25500,1.5807833671569824,0.6778381642512077,0.7051435406698564,0.672561323445522,0.6884671532846716,5.3574,618.215,77.277,,,,,
0.0525,4.423175965665236e-06,55.79,26000,,,,,,,,,,,,,
,,55.79,26000,1.5768283605575562,0.6769323671497585,0.7106724244293646,0.6571591557330291,0.6828689982216953,5.3931,614.115,76.764,,,,,
0.0494,4.31587982832618e-06,56.87,26500,,,,,,,,,,,,,
,,56.87,26500,1.6964508295059204,0.6696859903381642,0.7365398420674802,0.5852823730747291,0.6522568340750159,5.3547,618.518,77.315,,,,,
0.048,4.208583690987124e-06,57.94,27000,,,,,,,,,,,,,
,,57.94,27000,1.628501534461975,0.6763285024154589,0.6942384483742157,0.6942384483742157,0.6942384483742157,5.3512,618.929,77.366,,,,,
0.0482,4.101287553648069e-06,59.01,27500,,,,,,,,,,,,,
,,59.01,27500,1.7134522199630737,0.6739130434782609,0.7322291235334714,0.6052481460353679,0.6627108057464085,5.378,615.845,76.981,,,,,
0.048,3.993991416309013e-06,60.09,28000,,,,,,,,,,,,,
,,60.09,28000,1.6456413269042969,0.6736111111111112,0.7092154420921544,0.6497432972047917,0.6781780291753496,5.4179,611.31,76.414,,,,,
0.0456,3.886695278969957e-06,61.16,28500,,,,,,,,,,,,,
,,61.16,28500,1.659644365310669,0.6844806763285024,0.7006802721088435,0.7050770108385624,0.7028717657094115,5.3784,615.8,76.975,,,,,
0.0424,3.779399141630902e-06,62.23,29000,,,,,,,,,,,,,
,,62.23,29000,1.806958794593811,0.6708937198067633,0.748314606741573,0.5698802053622362,0.647020725388601,5.3795,615.672,76.959,,,,,
0.0416,3.6723175965665234e-06,63.3,29500,,,,,,,,,,,,,
,,63.3,29500,1.7444628477096558,0.6754227053140096,0.7187096774193549,0.6354820308043354,0.6745382985165002,5.3849,615.05,76.881,,,,,
0.0406,3.565021459227468e-06,64.38,30000,,,,,,,,,,,,,
,,64.38,30000,1.8960646390914917,0.6651570048309179,0.7469325153374233,0.5556189389617798,0.6372260385999347,5.384,615.156,76.895,,,,,
0.0444,3.457725321888412e-06,65.45,30500,,,,,,,,,,,,,
,,65.45,30500,1.83149254322052,0.6748188405797102,0.7474377745241582,0.5824301197946378,0.6546970182750881,5.3571,618.247,77.281,,,,,
0.0395,3.3504291845493565e-06,66.52,31000,,,,,,,,,,,,,
,,66.52,31000,1.7560737133026123,0.6865942028985508,0.7252678008821676,0.6565887050770108,0.6892215568862274,5.3687,616.91,77.114,,,,,
0.0371,3.2431330472103005e-06,67.6,31500,,,,,,,,,,,,,
,,67.6,31500,1.8574941158294678,0.6724033816425121,0.7348804500703235,0.5961209355390759,0.658267716535433,5.365,617.334,77.167,,,,,
0.0341,3.136051502145923e-06,68.67,32000,,,,,,,,,,,,,
,,68.67,32000,2.0139806270599365,0.6642512077294686,0.7616326530612245,0.5322304620650313,0.6265950302216252,5.3901,614.462,76.808,,,,,
0.0348,3.0287553648068675e-06,69.74,32500,,,,,,,,,,,,,
,,69.74,32500,1.8557031154632568,0.6823671497584541,0.7344481605351171,0.6263548203080433,0.6761083743842363,5.3641,617.438,77.18,,,,,
0.0367,2.9214592274678115e-06,70.82,33000,,,,,,,,,,,,,
,,70.82,33000,1.8600471019744873,0.6817632850241546,0.7375934738273283,0.618938961779806,0.6730769230769229,5.3555,618.427,77.303,,,,,
0.0329,2.814163090128755e-06,71.89,33500,,,,,,,,,,,,,
,,71.89,33500,2.001676321029663,0.6627415458937198,0.7453703703703703,0.5510553337136338,0.6336503771728436,5.3874,614.769,76.846,,,,,
0.034,2.7068669527896997e-06,72.96,34000,,,,,,,,,,,,,
,,72.96,34000,1.9156805276870728,0.6784420289855072,0.7415730337078652,0.6023958927552767,0.6647780925401322,5.396,613.783,76.723,,,,,
0.0311,2.5995708154506437e-06,74.03,34500,,,,,,,,,,,,,
,,74.03,34500,1.870656967163086,0.6853864734299517,0.7309941520467836,0.6417569880205363,0.6834750911300121,5.4127,611.895,76.487,,,,,
0.0314,2.4922746781115882e-06,75.11,35000,,,,,,,,,,,,,
,,75.11,35000,1.8852829933166504,0.6808574879227053,0.7236503856041131,0.6423274386765545,0.680568147476579,5.3773,615.924,76.99,,,,,
0.0298,2.3849785407725323e-06,76.18,35500,,,,,,,,,,,,,
,,76.18,35500,1.925558090209961,0.6802536231884058,0.7285902503293807,0.6309184255561894,0.6762457963925406,5.3643,617.411,77.176,,,,,
0.0323,2.2778969957081547e-06,77.25,36000,,,,,,,,,,,,,
,,77.25,36000,1.981719732284546,0.6781400966183575,0.7410526315789474,0.6023958927552767,0.6645689112649465,5.3741,616.286,77.036,,,,,
0.0326,2.170600858369099e-06,78.33,36500,,,,,,,,,,,,,
,,78.33,36500,2.007150888442993,0.6784420289855072,0.7467718794835008,0.5938391329150029,0.6615824594852242,5.3614,617.753,77.219,,,,,
0.0289,2.063304721030043e-06,79.4,37000,,,,,,,,,,,,,
,,79.4,37000,1.9806456565856934,0.6808574879227053,0.7370572207084468,0.6172276098117513,0.6718410431542998,5.3645,617.393,77.174,,,,,
0.029,1.9560085836909873e-06,80.47,37500,,,,,,,,,,,,,
,,80.47,37500,1.967934250831604,0.6835748792270532,0.7370544720914594,0.6252139189960069,0.6765432098765433,5.3631,617.549,77.194,,,,,
0.0284,1.8487124463519316e-06,81.55,38000,,,,,,,,,,,,,
,,81.55,38000,1.980583906173706,0.6805555555555556,0.7408177408177408,0.609811751283514,0.6689612015018773,5.3692,616.85,77.106,,,,,
0.0283,1.7414163090128757e-06,82.62,38500,,,,,,,,,,,,,
,,82.62,38500,2.0197575092315674,0.6814613526570048,0.7423611111111111,0.609811751283514,0.6695897275289696,5.3826,615.312,76.914,,,,,
0.0286,1.634334763948498e-06,83.69,39000,,,,,,,,,,,,,
,,83.69,39000,2.0027687549591064,0.6823671497584541,0.7373053486797563,0.6212207644038791,0.6743034055727555,5.3643,617.415,77.177,,,,,
0.0264,1.5270386266094422e-06,84.76,39500,,,,,,,,,,,,,
,,84.76,39500,1.9955960512161255,0.6811594202898551,0.7309476474486415,0.6292070735881347,0.6762722256284488,5.3657,617.259,77.157,,,,,
0.0242,1.4197424892703865e-06,85.84,40000,,,,,,,,,,,,,
,,85.84,40000,2.0188164710998535,0.6826690821256038,0.7355704697986577,0.6252139189960069,0.6759173604687018,5.3893,614.546,76.818,,,,,
0.0256,1.3124463519313305e-06,86.91,40500,,,,,,,,,,,,,
,,86.91,40500,2.023468255996704,0.6811594202898551,0.7334226389819156,0.6246434683399886,0.6746765249537893,5.383,615.266,76.908,,,,,
0.0273,1.2051502145922748e-06,87.98,41000,,,,,,,,,,,,,
,,87.98,41000,2.037531852722168,0.6817632850241546,0.7363083164300203,0.6212207644038791,0.6738861386138614,5.3724,616.481,77.06,,,,,
0.0239,1.0978540772532189e-06,89.06,41500,,,,,,,,,,,,,
,,89.06,41500,2.0838403701782227,0.6805555555555556,0.7442023893183415,0.6041072447233314,0.6668765743073048,5.3584,618.1,77.263,,,,,
0.0259,9.907725321888413e-07,90.13,42000,,,,,,,,,,,,,
,,90.13,42000,2.013066291809082,0.6796497584541062,0.7217948717948718,0.6423274386765545,0.6797464533655296,5.3881,614.684,76.836,,,,,
0.0229,8.834763948497854e-07,91.2,42500,,,,,,,,,,,,,
,,91.2,42500,2.0645525455474854,0.6769323671497585,0.732788002726653,0.6132344552196235,0.6677018633540373,5.3378,620.479,77.56,,,,,
0.0247,7.761802575107297e-07,92.27,43000,,,,,,,,,,,,,
,,92.27,43000,2.0828857421875,0.6778381642512077,0.7352537722908093,0.6115231032515688,0.6677047648707568,5.3836,615.198,76.9,,,,,
0.0271,6.688841201716739e-07,93.35,43500,,,,,,,,,,,,,
,,93.35,43500,2.1313107013702393,0.6721014492753623,0.7407942238267148,0.5852823730747291,0.6539196940726578,5.3908,614.374,76.797,,,,,
0.0247,5.618025751072962e-07,94.42,44000,,,,,,,,,,,,,
,,94.42,44000,2.1161978244781494,0.6772342995169082,0.7422096317280453,0.5978322875071307,0.6622432859399684,5.3543,618.563,77.32,,,,,
0.0248,4.5450643776824036e-07,95.49,44500,,,,,,,,,,,,,
,,95.49,44500,2.161651372909546,0.6745169082125604,0.7509293680297398,0.576155162578437,0.6520335700451906,5.3498,619.086,77.386,,,,,
0.022,3.472103004291846e-07,96.57,45000,,,,,,,,,,,,,
,,96.57,45000,2.10823917388916,0.6799516908212561,0.7424772568229531,0.6052481460353679,0.6668761785040854,5.3625,617.621,77.203,,,,,
0.0187,2.399141630901288e-07,97.64,45500,,,,,,,,,,,,,
,,97.64,45500,2.106812000274658,0.6799516908212561,0.7414634146341463,0.6069594980034227,0.6675031367628608,5.3961,613.774,76.722,,,,,
0.0246,1.3261802575107297e-07,98.71,46000,,,,,,,,,,,,,
,,98.71,46000,2.1098992824554443,0.6793478260869565,0.741777466759972,0.6046776953793497,0.666247642991829,5.3652,617.314,77.164,,,,,
0.0223,2.5321888412017168e-08,99.79,46500,,,,,,,,,,,,,
,,99.79,46500,2.109583616256714,0.6802536231884058,0.7426573426573426,0.6058185966913862,0.6672950047125353,5.3585,618.081,77.26,,,,,
,,100.0,46600,,,,,,,,,3656.4474,815.19,12.745,2.607895630944768e+17,0.15513532054270798
