loss,learning_rate,epoch,step,eval_loss,eval_accuracy,eval_precision,eval_recall,eval_f1,eval_runtime,eval_samples_per_second,eval_steps_per_second,train_runtime,train_samples_per_second,train_steps_per_second,total_flos,train_loss
0.6546,9.892703862660945e-06,1.07,500,,,,,,,,,,,,,
,,1.07,500,0.6689106822013855,0.5932971014492754,0.6855575868372943,0.4278379920136908,0.5268703898840885,7.9187,418.253,52.282,,,,,
0.6247,9.785407725321889e-06,2.15,1000,,,,,,,,,,,,,
,,2.15,1000,0.6509190201759338,0.6277173913043478,0.6778385772913816,0.5653166001140901,0.6164852255054432,5.2116,635.501,79.438,,,,,
0.6055,9.678111587982833e-06,3.22,1500,,,,,,,,,,,,,
,,3.22,1500,0.6618173122406006,0.6168478260869565,0.6766423357664234,0.5288077581289219,0.5936599423631125,5.2005,636.858,79.607,,,,,
0.5884,9.570815450643777e-06,4.29,2000,,,,,,,,,,,,,
,,4.29,2000,0.6692111492156982,0.6271135265700483,0.7042586750788643,0.5094124358243012,0.5911949685534591,5.2173,634.814,79.352,,,,,
0.5691,9.4637339055794e-06,5.36,2500,,,,,,,,,,,,,
,,5.36,2500,0.6604552268981934,0.6316425120772947,0.6564885496183206,0.6377638334284085,0.6469907407407407,5.1972,637.262,79.658,,,,,
0.5566,9.356652360515022e-06,6.44,3000,,,,,,,,,,,,,
,,6.44,3000,0.6965699195861816,0.6138285024154589,0.7036082474226805,0.4671990872789504,0.5615358244772026,5.2066,636.112,79.514,,,,,
0.5369,9.249356223175966e-06,7.51,3500,,,,,,,,,,,,,
,,7.51,3500,0.7007561326026917,0.6253019323671497,0.6921921921921922,0.5259555048488306,0.5977309562398704,5.2069,636.074,79.509,,,,,
0.5181,9.14206008583691e-06,8.58,4000,,,,,,,,,,,,,
,,8.58,4000,0.742912232875824,0.6141304347826086,0.718491260349586,0.4455219623502567,0.5499999999999999,5.1969,637.309,79.664,,,,,
0.4959,9.034763948497854e-06,9.66,4500,,,,,,,,,,,,,
,,9.66,4500,0.7672542929649353,0.6156400966183575,0.7277039848197343,0.4375356531660011,0.5464909155682223,5.2229,634.133,79.267,,,,,
0.4784,8.927682403433478e-06,10.73,5000,,,,,,,,,,,,,
,,10.73,5000,0.7609722018241882,0.623792270531401,0.6873614190687362,0.5305191100969766,0.5988409529942048,5.2017,636.716,79.589,,,,,
0.4545,8.820600858369099e-06,11.8,5500,,,,,,,,,,,,,
,,11.8,5500,0.7538065910339355,0.6316425120772947,0.692141312184571,0.5476326297775242,0.6114649681528662,5.2123,635.425,79.428,,,,,
0.4357,8.713304721030043e-06,12.88,6000,,,,,,,,,,,,,
,,12.88,6000,0.8667583465576172,0.6023550724637681,0.7400881057268722,0.38334284084426695,0.5050732807215332,5.2027,636.587,79.573,,,,,
0.4119,8.606008583690987e-06,13.95,6500,,,,,,,,,,,,,
,,13.95,6500,0.81547611951828,0.6268115942028986,0.6945071482317532,0.5265259555048488,0.5989617131732642,5.2015,636.741,79.593,,,,,
0.3919,8.498712446351933e-06,15.02,7000,,,,,,,,,,,,,
,,15.02,7000,0.86800217628479,0.6234903381642513,0.7312614259597806,0.45636052481460354,0.5619950825430278,5.2079,635.96,79.495,,,,,
0.3699,8.391630901287554e-06,16.09,7500,,,,,,,,,,,,,
,,16.09,7500,0.852773129940033,0.6370772946859904,0.7021276595744681,0.5459212778094695,0.6142490372272145,5.2027,636.587,79.573,,,,,
0.3511,8.284334763948498e-06,17.17,8000,,,,,,,,,,,,,
,,17.17,8000,0.8587160110473633,0.6343599033816425,0.691114245416079,0.5590416428978894,0.6181015452538631,5.2221,634.233,79.279,,,,,
0.3299,8.177038626609442e-06,18.24,8500,,,,,,,,,,,,,
,,18.24,8500,0.9512820243835449,0.6289251207729468,0.7102728731942215,0.5048488305761551,0.5901967322440814,5.2174,634.798,79.35,,,,,
0.3179,8.069742489270388e-06,19.31,9000,,,,,,,,,,,,,
,,19.31,9000,1.0748441219329834,0.6071859903381642,0.7383966244725738,0.3993154592127781,0.518326545723806,5.1961,637.403,79.675,,,,,
0.2954,7.962660944206008e-06,20.39,9500,,,,,,,,,,,,,
,,20.39,9500,0.91597580909729,0.6455314009661836,0.6759878419452887,0.6343411294922989,0.6545026486168334,5.1985,637.102,79.638,,,,,
0.2787,7.855364806866952e-06,21.46,10000,,,,,,,,,,,,,
,,21.46,10000,0.9578539133071899,0.6410024154589372,0.676913425345044,0.6155162578436966,0.6447564983567374,5.2141,635.2,79.4,,,,,
0.2596,7.748068669527896e-06,22.53,10500,,,,,,,,,,,,,
,,22.53,10500,0.9727453589439392,0.6482487922705314,0.6909090909090909,0.6069594980034227,0.646219252960826,5.2099,635.716,79.465,,,,,
0.2477,7.640772532188842e-06,23.61,11000,,,,,,,,,,,,,
,,23.61,11000,1.1885656118392944,0.6189613526570048,0.741871921182266,0.4295493439817456,0.5440751445086706,5.1995,636.984,79.623,,,,,
0.23,7.533690987124465e-06,24.68,11500,,,,,,,,,,,,,
,,24.68,11500,1.0373070240020752,0.6422101449275363,0.6911170928667564,0.5858528237307473,0.6341463414634146,5.216,634.966,79.371,,,,,
0.2124,7.426609442060086e-06,25.75,12000,,,,,,,,,,,,,
,,25.75,12000,1.06222403049469,0.6428140096618358,0.6585094549499444,0.6754135767256132,0.6668544072092367,5.2347,632.701,79.088,,,,,
0.2022,7.31931330472103e-06,26.82,12500,,,,,,,,,,,,,
,,26.82,12500,1.1829979419708252,0.633756038647343,0.7261306532663316,0.4945807187678266,0.5883949779436716,5.2207,634.397,79.3,,,,,
0.1949,7.212017167381975e-06,27.9,13000,,,,,,,,,,,,,
,,27.9,13000,1.1486163139343262,0.6464371980676329,0.7146017699115044,0.5527666856816885,0.6233515599871341,5.1976,637.214,79.652,,,,,
0.1788,7.104721030042919e-06,28.97,13500,,,,,,,,,,,,,
,,28.97,13500,1.1615105867385864,0.6485507246376812,0.7120230381569475,0.5641756988020536,0.6295353278166773,5.2277,633.544,79.193,,,,,
0.1666,6.997424892703863e-06,30.04,14000,,,,,,,,,,,,,
,,30.04,14000,1.15555739402771,0.6521739130434783,0.7040054310930075,0.5915573302909298,0.6429014259144451,5.2097,635.732,79.466,,,,,
0.1571,6.890343347639485e-06,31.12,14500,,,,,,,,,,,,,
,,31.12,14500,1.198530673980713,0.6470410628019324,0.7109826589595376,0.5613234455219623,0.6273509722664967,5.2312,633.123,79.14,,,,,
0.1483,6.78304721030043e-06,32.19,15000,,,,,,,,,,,,,
,,32.19,15000,1.220217227935791,0.6512681159420289,0.7163531114327062,0.5647461494580719,0.631578947368421,5.2133,635.295,79.412,,,,,
0.1369,6.675751072961374e-06,33.26,15500,,,,,,,,,,,,,
,,33.26,15500,1.2182855606079102,0.6615338164251208,0.7115127175368139,0.6063890473474044,0.6547582383738836,5.2254,633.832,79.229,,,,,
0.1313,6.568454935622318e-06,34.33,16000,,,,,,,,,,,,,
,,34.33,16000,1.3772804737091064,0.6346618357487923,0.7338501291989664,0.4860239589275528,0.5847632120796156,5.1988,637.074,79.634,,,,,
0.1204,6.461158798283262e-06,35.41,16500,,,,,,,,,,,,,
,,35.41,16500,1.3069413900375366,0.6560990338164251,0.724087591240876,0.5658870507701084,0.6352865834133846,5.2106,635.628,79.454,,,,,
0.1167,6.353862660944207e-06,36.48,17000,,,,,,,,,,,,,
,,36.48,17000,1.283725619316101,0.6570048309178744,0.7137907137907138,0.587564175698802,0.6445556946182729,5.2158,634.997,79.375,,,,,
0.1087,6.246781115879829e-06,37.55,17500,,,,,,,,,,,,,
,,37.55,17500,1.3420794010162354,0.6597222222222222,0.712059620596206,0.5995436394751854,0.6509755342211211,5.2243,633.965,79.246,,,,,
0.1041,6.139484978540773e-06,38.63,18000,,,,,,,,,,,,,
,,38.63,18000,1.3526597023010254,0.6570048309178744,0.704983388704319,0.6052481460353679,0.6513198281154082,5.2036,636.478,79.56,,,,,
0.0988,6.032188841201717e-06,39.7,18500,,,,,,,,,,,,,
,,39.7,18500,1.3864821195602417,0.6530797101449275,0.7191582002902758,0.5653166001140901,0.6330245927818589,5.205,636.313,79.539,,,,,
0.0956,5.924892703862662e-06,40.77,19000,,,,,,,,,,,,,
,,40.77,19000,1.4378306865692139,0.6579106280193237,0.7282768777614138,0.5641756988020536,0.6358084217293475,5.2255,633.818,79.227,,,,,
0.086,5.817596566523606e-06,41.85,19500,,,,,,,,,,,,,
,,41.85,19500,1.4082789421081543,0.6594202898550725,0.7147766323024055,0.5932686822589845,0.6483790523690772,5.2134,635.29,79.411,,,,,
0.0829,5.710515021459227e-06,42.92,20000,,,,,,,,,,,,,
,,42.92,20000,1.4929391145706177,0.654891304347826,0.7210144927536232,0.5675984027381632,0.6351739546760294,5.2163,634.938,79.367,,,,,
0.0763,5.603218884120171e-06,43.99,20500,,,,,,,,,,,,,
,,43.99,20500,1.5315531492233276,0.6603260869565217,0.72953216374269,0.5693097547062179,0.6395386094200577,5.2172,634.82,79.353,,,,,
0.077,5.495922746781116e-06,45.06,21000,,,,,,,,,,,,,
,,45.06,21000,1.5065159797668457,0.6654589371980676,0.7109221713538261,0.6200798630918426,0.6624009750152345,5.228,633.508,79.188,,,,,
0.0725,5.38862660944206e-06,46.14,21500,,,,,,,,,,,,,
,,46.14,21500,1.536636233329773,0.6609299516908212,0.7279305354558611,0.573873359954364,0.641786283891547,5.1989,637.063,79.633,,,,,
0.0705,5.2813304721030044e-06,47.21,22000,,,,,,,,,,,,,
,,47.21,22000,1.4754948616027832,0.6748188405797102,0.7068543451652387,0.6588705077010839,0.6820194862710364,5.2073,636.03,79.504,,,,,
0.0666,5.1740343347639485e-06,48.28,22500,,,,,,,,,,,,,
,,48.28,22500,1.570892572402954,0.6648550724637681,0.71026814911707,0.6195094124358242,0.6617915904936015,5.2017,636.711,79.589,,,,,
0.0646,5.066738197424893e-06,49.36,23000,,,,,,,,,,,,,
,,49.36,23000,1.6342251300811768,0.6603260869565217,0.7285298398835517,0.5710211066742726,0.6402302526383115,5.22,634.487,79.311,,,,,
0.0588,4.959656652360516e-06,50.43,23500,,,,,,,,,,,,,
,,50.43,23500,1.647903323173523,0.6618357487922706,0.7281903388608507,0.576155162578437,0.643312101910828,5.2235,634.061,79.258,,,,,
0.0585,4.85236051502146e-06,51.5,24000,,,,,,,,,,,,,
,,51.5,24000,1.6698092222213745,0.6618357487922706,0.734966592427617,0.5647461494580719,0.6387096774193548,5.1983,637.136,79.642,,,,,
0.0554,4.745064377682404e-06,52.58,24500,,,,,,,,,,,,,
,,52.58,24500,1.7922624349594116,0.652475845410628,0.7447154471544716,0.522532800912721,0.6141468320482736,5.2225,634.185,79.273,,,,,
0.0523,4.637768240343348e-06,53.65,25000,,,,,,,,,,,,,
,,53.65,25000,1.7952282428741455,0.658816425120773,0.7462450592885376,0.5385054192812322,0.6255798542080848,5.2059,636.198,79.525,,,,,
0.054,4.530472103004292e-06,54.72,25500,,,,,,,,,,,,,
,,54.72,25500,1.7199732065200806,0.663647342995169,0.7323636363636363,0.5744438106103822,0.6438618925831202,5.2189,634.615,79.327,,,,,
0.0519,4.423390557939915e-06,55.79,26000,,,,,,,,,,,,,
,,55.79,26000,1.77613365650177,0.6606280193236715,0.7413660782808903,0.5510553337136338,0.6321989528795812,5.2034,636.505,79.563,,,,,
0.0459,4.316094420600859e-06,56.87,26500,,,,,,,,,,,,,
,,56.87,26500,1.8779429197311401,0.653683574879227,0.7491776315789473,0.5196805476326298,0.6136746379252274,5.226,633.75,79.219,,,,,
0.0508,4.208798283261803e-06,57.94,27000,,,,,,,,,,,,,
,,57.94,27000,1.8143641948699951,0.6624396135265701,0.7410782080485953,0.5567598402738163,0.6358306188925081,5.1912,638.004,79.751,,,,,
0.0434,4.101502145922748e-06,59.01,27500,,,,,,,,,,,,,
,,59.01,27500,1.7213356494903564,0.6820652173913043,0.7147239263803681,0.6645750142612664,0.6887378066804611,5.1775,639.686,79.961,,,,,
0.0434,3.994206008583692e-06,60.09,28000,,,,,,,,,,,,,
,,60.09,28000,1.7550193071365356,0.6802536231884058,0.7244501940491591,0.638904734740445,0.6789936344346772,5.2074,636.018,79.502,,,,,
0.0421,3.887124463519313e-06,61.16,28500,,,,,,,,,,,,,
,,61.16,28500,1.8993852138519287,0.6621376811594203,0.74765625,0.5459212778094695,0.6310583580613255,5.1928,637.806,79.726,,,,,
0.044,3.7798283261802578e-06,62.23,29000,,,,,,,,,,,,,
,,62.23,29000,1.7932196855545044,0.6766304347826086,0.7180306905370843,0.6406160867084997,0.677117877600241,5.1983,637.126,79.641,,,,,
0.0426,3.672532188841202e-06,63.3,29500,,,,,,,,,,,,,
,,63.3,29500,1.9501773118972778,0.6582125603864735,0.7442958300550747,0.5396463205932687,0.6256613756613757,5.1445,643.789,80.474,,,,,
0.0422,3.5652360515021463e-06,64.38,30000,,,,,,,,,,,,,
,,64.38,30000,1.8055225610733032,0.6781400966183575,0.7156308851224106,0.6503137478608101,0.6814106395696353,5.1433,643.945,80.493,,,,,
0.0354,3.4581545064377688e-06,65.45,30500,,,,,,,,,,,,,
,,65.45,30500,1.9455206394195557,0.6648550724637681,0.7358767424798239,0.5721620079863092,0.6437740693196407,5.1253,646.208,80.776,,,,,
0.0369,3.350858369098713e-06,66.52,31000,,,,,,,,,,,,,
,,66.52,31000,1.9590038061141968,0.6627415458937198,0.7317784256559767,0.5727324586423275,0.64256,5.1503,643.071,80.384,,,,,
0.0372,3.2435622317596573e-06,67.6,31500,,,,,,,,,,,,,
,,67.6,31500,1.9527021646499634,0.668780193236715,0.7309859154929578,0.5921277809469481,0.6542704065553103,5.1681,640.86,80.107,,,,,
0.0344,3.1362660944206014e-06,68.67,32000,,,,,,,,,,,,,
,,68.67,32000,2.1135215759277344,0.6585144927536232,0.75,0.5322304620650313,0.6226226226226226,5.1571,642.226,80.278,,,,,
0.0389,3.0291845493562234e-06,69.74,32500,,,,,,,,,,,,,
,,69.74,32500,1.9906141757965088,0.6660628019323671,0.7352727272727273,0.5767256132344553,0.6464194373401535,5.1573,642.199,80.275,,,,,
0.0346,2.9218884120171675e-06,70.82,33000,,,,,,,,,,,,,
,,70.82,33000,1.980148434638977,0.6769323671497585,0.7242284963887065,0.6292070735881347,0.6733821733821734,5.1363,644.818,80.602,,,,,
0.0318,2.814592274678112e-06,71.89,33500,,,,,,,,,,,,,
,,71.89,33500,2.0566656589508057,0.6721014492753623,0.7373665480427046,0.5909868796349116,0.6561114629512349,5.1442,643.838,80.48,,,,,
0.031,2.707296137339056e-06,72.96,34000,,,,,,,,,,,,,
,,72.96,34000,2.005307912826538,0.6727053140096618,0.7252525252525253,0.61437535653166,0.6652254478072883,5.1547,642.518,80.315,,,,,
0.0325,2.6002145922746785e-06,74.03,34500,,,,,,,,,,,,,
,,74.03,34500,2.01938533782959,0.6708937198067633,0.7319804058782365,0.5966913861950941,0.6574481458202388,5.1407,644.268,80.533,,,,,
0.0318,2.4929184549356225e-06,75.11,35000,,,,,,,,,,,,,
,,75.11,35000,2.2138829231262207,0.6615338164251208,0.7544283413848631,0.5345122646891044,0.6257095158597663,5.1408,644.256,80.532,,,,,
0.0319,2.3856223175965666e-06,76.18,35500,,,,,,,,,,,,,
,,76.18,35500,2.0410633087158203,0.6736111111111112,0.731404958677686,0.6058185966913862,0.6627145085803432,5.1307,645.523,80.69,,,,,
0.0323,2.278326180257511e-06,77.25,36000,,,,,,,,,,,,,
,,77.25,36000,2.017979621887207,0.6760265700483091,0.7251655629139073,0.6246434683399886,0.6711615078148944,5.1372,644.715,80.589,,,,,
0.0295,2.171030042918455e-06,78.33,36500,,,,,,,,,,,,,
,,78.33,36500,2.1158607006073,0.6733091787439613,0.735769501054111,0.5972618368511123,0.6593198992443324,5.1304,645.559,80.695,,,,,
0.0312,2.0637339055793992e-06,79.4,37000,,,,,,,,,,,,,
,,79.4,37000,2.130176544189453,0.669987922705314,0.7422907488986784,0.5767256132344553,0.6491171749598716,5.1352,644.955,80.619,,,,,
0.0308,1.9564377682403433e-06,80.47,37500,,,,,,,,,,,,,
,,80.47,37500,2.1221628189086914,0.6724033816425121,0.7358757062146892,0.5944095835710211,0.6576207005364468,5.1545,642.548,80.318,,,,,
0.0277,1.8491416309012878e-06,81.55,38000,,,,,,,,,,,,,
,,81.55,38000,2.0864779949188232,0.6766304347826086,0.7313432835820896,0.6149458071876782,0.668112798264642,5.1251,646.233,80.779,,,,,
0.0303,1.74206008583691e-06,82.62,38500,,,,,,,,,,,,,
,,82.62,38500,2.098198413848877,0.6778381642512077,0.7359009628610729,0.6103822019395322,0.6672903024633614,5.1227,646.53,80.816,,,,,
0.0282,1.6347639484978543e-06,83.69,39000,,,,,,,,,,,,,
,,83.69,39000,2.122920274734497,0.6711956521739131,0.7385057471264368,0.5864232743867656,0.6537360890302067,5.1347,645.023,80.628,,,,,
0.0265,1.5274678111587984e-06,84.76,39500,,,,,,,,,,,,,
,,84.76,39500,2.171578884124756,0.6739130434782609,0.7426099495313626,0.587564175698802,0.6560509554140127,5.1416,644.16,80.52,,,,,
0.0296,1.4201716738197426e-06,85.84,40000,,,,,,,,,,,,,
,,85.84,40000,2.202828884124756,0.667572463768116,0.7454819277108434,0.5647461494580719,0.6426484907497567,5.1555,642.42,80.302,,,,,
0.0232,1.312875536480687e-06,86.91,40500,,,,,,,,,,,,,
,,86.91,40500,2.1540627479553223,0.6751207729468599,0.7409252669039146,0.5938391329150029,0.6592780240658646,5.1451,643.714,80.464,,,,,
0.0261,1.2057939914163091e-06,87.98,41000,,,,,,,,,,,,,
,,87.98,41000,2.1434714794158936,0.6751207729468599,0.7282535401213756,0.6160867084997148,0.6674907292954265,5.1521,642.841,80.355,,,,,
0.0242,1.0984978540772532e-06,89.06,41500,,,,,,,,,,,,,
,,89.06,41500,2.2197506427764893,0.6739130434782609,0.7381457891012031,0.5949800342270394,0.658875552747947,5.1592,641.964,80.246,,,,,
0.0252,9.912017167381975e-07,90.13,42000,,,,,,,,,,,,,
,,90.13,42000,2.20027756690979,0.6724033816425121,0.7329149232914923,0.5995436394751854,0.6595544399121431,5.1293,645.707,80.713,,,,,
0.0243,8.839055793991418e-07,91.2,42500,,,,,,,,,,,,,
,,91.2,42500,2.1808102130889893,0.6745169082125604,0.7332411886662059,0.6052481460353679,0.663125,5.1287,645.784,80.723,,,,,
0.0253,7.766094420600858e-07,92.27,43000,,,,,,,,,,,,,
,,92.27,43000,2.1750621795654297,0.677536231884058,0.7331518039482642,0.61437535653166,0.6685288640595903,5.1385,644.542,80.568,,,,,
0.0251,6.693133047210301e-07,93.35,43500,,,,,,,,,,,,,
,,93.35,43500,2.185591697692871,0.6757246376811594,0.7333333333333333,0.6086708499714775,0.665211970074813,5.148,643.355,80.419,,,,,
0.0214,5.622317596566524e-07,94.42,44000,,,,,,,,,,,,,
,,94.42,44000,2.2321059703826904,0.6708937198067633,0.7346072186836518,0.5921277809469481,0.6557169930511687,5.1334,645.187,80.648,,,,,
0.0235,4.5493562231759656e-07,95.49,44500,,,,,,,,,,,,,
,,95.49,44500,2.2140965461730957,0.6745169082125604,0.7319587628865979,0.607529948659441,0.6639650872817955,5.1449,643.748,80.468,,,,,
0.023,3.4763948497854084e-07,96.57,45000,,,,,,,,,,,,,
,,96.57,45000,2.236795425415039,0.6736111111111112,0.7362869198312236,0.5972618368511123,0.6595275590551181,5.1344,645.062,80.633,,,,,
0.0235,2.40343347639485e-07,97.64,45500,,,,,,,,,,,,,
,,97.64,45500,2.219761848449707,0.6766304347826086,0.7351724137931035,0.6081003993154592,0.6656259756478301,5.1507,643.024,80.378,,,,,
0.0234,1.330472103004292e-07,98.71,46000,,,,,,,,,,,,,
,,98.71,46000,2.2475967407226562,0.6730072463768116,0.7396280400572246,0.5898459783228751,0.6562995874325611,5.1398,644.378,80.547,,,,,
0.0213,2.5965665236051507e-08,99.79,46500,,,,,,,,,,,,,
,,99.79,46500,2.2424182891845703,0.6739130434782609,0.7381457891012031,0.5949800342270394,0.658875552747947,5.1435,643.917,80.49,,,,,
,,100.0,46600,,,,,,,,,3563.6175,836.425,13.077,2.607895630944768e+17,0.15464687451272563
